---
movie_searches_001:
  id: 19
  created_at: 2012-02-05 04:49:40.540853000Z
  updated_at: 2012-02-05 04:49:40.540853000Z
