---
about_a_boy:
  id: 44
  name: about a boy
  year: 2002
  rating: 8.3
  created_at: 2012-02-05 04:49:40.722022000Z
  updated_at: 2012-02-05 04:49:40.722022000Z
  movie_search_id: 19
crash:
  id: 45
  name: crash
  year: 2004
  rating: 8.0
  created_at: 2012-02-05 04:49:40.726810000Z
  updated_at: 2012-02-05 04:49:40.726810000Z
  movie_search_id: 19
pulp_fiction:
  id: 46
  name: pulp fiction
  year: 1994
  rating: 9.0
  created_at: 2012-02-05 04:49:40.729721000Z
  updated_at: 2012-02-05 04:49:40.729721000Z
  movie_search_id: 19
